10
0 1 C2H7N
C                    -1.355752796919    -0.362695790023     0.416662319154
N                    -0.406773780414     0.258364020808    -0.458696029188
C                     0.922951737029    -0.002388732388     0.160314172471
H                    -2.436408518660    -0.062577941008     0.067874004742
H                    -1.208571458706    -0.290106964504     1.553150051989
H                    -1.376802460923    -1.413498079968     0.126346684201
H                    -0.580246642743     1.278635537419    -0.593595571807
H                     1.090003070948    -1.116043976737     0.195326150720
H                     0.946294897398     0.266799052629     1.238242297906
H                     1.670220667154     0.513217527627    -0.436616104781
B3LYP/def2-svp : -84744.77446668335
B3LYP/aug-cc-pvtz : -84843.15764090058
PBE/def2-svp : -84625.85222900736
WB97M-V/sto-3g : -83730.7604371698
HF/aug-cc-pvtz : -84257.58281490787
PBE/sto-3g : -83634.84434995231
HF/aug-cc-pvdz : -84236.764465532
PBE0/def2-svp : -84639.65085781415
PBE0/aug-cc-pvtz : -84733.20936815046
PBE/aug-cc-pvdz : -84699.66533308085
B2PLYP/def2-svp : -84641.13273343752
WB97M-V/def2-tzvp : -84786.49702594578
PBE0/def2-tzvp : -84733.0679974635
WB97X-D/aug-cc-pvtz : -84812.14000215183
SVWN/sto-3g : -83288.39646852454
WB97X-D/def2-svp : -84718.23379795766
B2PLYP/def2-tzvp : -84754.42796116036
B2PLYP/aug-cc-pvtz : -84760.4636360654
B3LYP/def2-tzvp : -84842.59665986693
WB97M-V/def2-svp : -84688.24539823321
B3LYP/aug-cc-pvdz : -84818.37094140296
B3LYP/sto-3g : -83751.7840944052
HF/sto-3g : -83199.56429215238
PBE/aug-cc-pvtz : -84722.30144160046
WB97M-V/aug-cc-pvtz : -84787.10108824918
HF/cc-pvtz : -84256.28911872447
WB97M-V/aug-cc-pvdz : -84763.06347626039
PBE0/sto-3g : -83659.72731815898
HF/def2-tzvp : -84257.39283633829
B2PLYP/aug-cc-pvdz : -84719.3975948006
PBE/def2-tzvp : -84721.88102383845
WB97X-D/sto-3g : -83741.01337725122
HF/def2-svp : -84164.55217535998
PBE0/aug-cc-pvdz : -84712.12429113475
B2PLYP/sto-3g : -83597.05120651136
WB97X-D/aug-cc-pvdz : -84789.97181402342
WB97X-D/def2-tzvp : -84811.98311323923
B3LYP-D3/def2-svp : -84746.9366133262
B3LYP-D3M/def2-svp : -84748.21063326062
B3LYP-D3(BJ)/def2-svp : -84750.2045948143
B3LYP-D3M(BJ)/def2-svp : -84751.38405534612
B3LYP-D3/aug-cc-pvtz : -84845.31978754341
B3LYP-D3M/aug-cc-pvtz : -84846.59380747785
B3LYP-D3(BJ)/aug-cc-pvtz : -84848.58776903154
B3LYP-D3M(BJ)/aug-cc-pvtz : -84849.76722956334
B3LYP-D3/def2-tzvp : -84844.75880650978
B3LYP-D3M/def2-tzvp : -84846.0328264442
B3LYP-D3(BJ)/def2-tzvp : -84848.0267879979
B3LYP-D3M(BJ)/def2-tzvp : -84849.2062485297
B3LYP-D3/aug-cc-pvdz : -84820.5330880458
B3LYP-D3M/aug-cc-pvdz : -84821.80710798023
B3LYP-D3(BJ)/aug-cc-pvdz : -84823.80106953392
B3LYP-D3M(BJ)/aug-cc-pvdz : -84824.98053006573
B3LYP-D3/sto-3g : -83753.94624104805
B3LYP-D3M/sto-3g : -83755.22026098247
B3LYP-D3(BJ)/sto-3g : -83757.21422253616
B3LYP-D3M(BJ)/sto-3g : -83758.39368306797
B2PLYP-D3/def2-svp : -84642.3252398913
B2PLYP-D3M/def2-svp : -84642.98071746233
B2PLYP-D3M(BJ)/def2-svp : -84645.09793442686
B2PLYP-D3/def2-tzvp : -84755.62046761414
B2PLYP-D3M/def2-tzvp : -84756.27594518516
B2PLYP-D3M(BJ)/def2-tzvp : -84758.39316214969
B2PLYP-D3/aug-cc-pvtz : -84761.65614251918
B2PLYP-D3M/aug-cc-pvtz : -84762.3116200902
B2PLYP-D3M(BJ)/aug-cc-pvtz : -84764.42883705473
B2PLYP-D3/aug-cc-pvdz : -84720.59010125438
B2PLYP-D3M/aug-cc-pvdz : -84721.2455788254
B2PLYP-D3M(BJ)/aug-cc-pvdz : -84723.36279578993
B2PLYP-D3/sto-3g : -83598.24371296512
B2PLYP-D3M/sto-3g : -83598.89919053615
B2PLYP-D3M(BJ)/sto-3g : -83601.01640750068
CCSD(T0)/cc-pVDZ : -84564.75902832356
HF/cc-pVDZ : -84256.28911873931
HF/cc-pVTZ : -84231.55604688702
MP2/cc-pVTZ : -84621.31723802652
