9
0 1 C3H6
C                    -0.800503400795     0.195688822321    -1.034081290233
C                     0.387349177290    -0.493610760540    -0.252101557777
C                     1.034120708643    -0.131518544752     0.886302839039
H                    -0.797721352153     0.177069267071    -2.102503958894
H                    -1.018054454602     1.220886608339    -0.753080925764
H                    -1.629317390770    -0.429676014456    -0.707120117565
H                     0.475546418020    -1.489189974192    -0.669117663648
H                     0.980165170522     0.849920106603     1.363945275073
H                     1.677505146007    -0.876733944501     1.356306670830
B3LYP/def2-svp : -73926.68027749397
B3LYP/aug-cc-pvtz : -74011.23201164295
PBE/def2-svp : -73815.93620006662
WB97M-V/sto-3g : -73059.41151109884
HF/aug-cc-pvtz : -73482.23906640681
PBE/sto-3g : -72976.12069415263
HF/aug-cc-pvdz : -73463.32593920975
PBE0/def2-svp : -73829.61102011682
PBE0/aug-cc-pvtz : -73909.0560935608
PBE/aug-cc-pvdz : -73877.47509818526
B2PLYP/def2-svp : -73832.44713678224
WB97M-V/def2-tzvp : -73958.70035867163
PBE0/def2-tzvp : -73909.28755760347
WB97X-D/aug-cc-pvtz : -73980.5252642154
SVWN/sto-3g : -72656.98749217631
WB97X-D/def2-svp : -73900.07014893484
B2PLYP/def2-tzvp : -73929.48922708501
B2PLYP/aug-cc-pvtz : -73933.99049003176
B3LYP/def2-tzvp : -74011.06475269499
WB97M-V/def2-svp : -73874.09013494494
B3LYP/aug-cc-pvdz : -73988.25323786889
B3LYP/sto-3g : -73082.10124578237
HF/sto-3g : -72566.2883245836
PBE/aug-cc-pvtz : -73898.02555975548
WB97M-V/aug-cc-pvtz : -73958.7728151861
HF/cc-pvtz : -73481.55773707296
WB97M-V/aug-cc-pvdz : -73936.5576467411
PBE0/sto-3g : -72995.29172935203
HF/def2-tzvp : -73482.43375870137
B2PLYP/aug-cc-pvdz : -73897.26863387175
PBE/def2-tzvp : -73898.00559351427
WB97X-D/sto-3g : -73068.86883884874
HF/def2-svp : -73402.47211811291
PBE0/aug-cc-pvdz : -73890.05745934362
B2PLYP/sto-3g : -72943.22595584189
WB97X-D/aug-cc-pvdz : -73960.05354529254
WB97X-D/def2-tzvp : -73980.65172287497
B3LYP-D3/def2-svp : -73928.28171932163
B3LYP-D3M/def2-svp : -73929.18066429338
B3LYP-D3(BJ)/def2-svp : -73931.59478109033
B3LYP-D3M(BJ)/def2-svp : -73932.76898936785
B3LYP-D3/aug-cc-pvtz : -74012.8334534706
B3LYP-D3M/aug-cc-pvtz : -74013.73239844236
B3LYP-D3(BJ)/aug-cc-pvtz : -74016.1465152393
B3LYP-D3M(BJ)/aug-cc-pvtz : -74017.32072351682
B3LYP-D3/def2-tzvp : -74012.66619452264
B3LYP-D3M/def2-tzvp : -74013.56513949439
B3LYP-D3(BJ)/def2-tzvp : -74015.97925629134
B3LYP-D3M(BJ)/def2-tzvp : -74017.15346456887
B3LYP-D3/aug-cc-pvdz : -73989.85467969654
B3LYP-D3M/aug-cc-pvdz : -73990.75362466829
B3LYP-D3(BJ)/aug-cc-pvdz : -73993.16774146525
B3LYP-D3M(BJ)/aug-cc-pvdz : -73994.34194974277
B3LYP-D3/sto-3g : -73083.70268761001
B3LYP-D3M/sto-3g : -73084.60163258176
B3LYP-D3(BJ)/sto-3g : -73087.01574937873
B3LYP-D3M(BJ)/sto-3g : -73088.18995765624
B2PLYP-D3/def2-svp : -73833.31128635368
B2PLYP-D3M/def2-svp : -73833.81501330866
B2PLYP-D3M(BJ)/def2-svp : -73835.90556112055
B2PLYP-D3/def2-tzvp : -73930.35337665645
B2PLYP-D3M/def2-tzvp : -73930.85710361143
B2PLYP-D3M(BJ)/def2-tzvp : -73932.94765142331
B2PLYP-D3/aug-cc-pvtz : -73934.8546396032
B2PLYP-D3M/aug-cc-pvtz : -73935.35836655818
B2PLYP-D3M(BJ)/aug-cc-pvtz : -73937.44891437008
B2PLYP-D3/aug-cc-pvdz : -73898.13278344319
B2PLYP-D3M/aug-cc-pvdz : -73898.63651039817
B2PLYP-D3M(BJ)/aug-cc-pvdz : -73900.72705821005
B2PLYP-D3/sto-3g : -72944.09010541333
B2PLYP-D3M/sto-3g : -72944.59383236831
B2PLYP-D3M(BJ)/sto-3g : -72946.68438018019
CCSD(T0)/cc-pVDZ : -73760.03820193115
HF/cc-pVDZ : -73481.5577372253
HF/cc-pVTZ : -73460.40522699316
MP2/cc-pVTZ : -73802.36647577432
