9
0 1 C3H6
C                    -0.480137792338     0.943023523881     0.145461231814
C                     0.971626081295     0.730216205095    -0.210590960584
C                     0.204432904216    -0.386164656438     0.338059706850
H                    -0.723274336734     1.588870609106     1.012540285189
H                    -1.278191123814     0.963967204273    -0.619623978430
H                     1.772768119607     1.345670738073     0.250225344101
H                     1.174932139684     0.781970355435    -1.289737971638
H                    -0.002549702804    -1.271765780037    -0.272193781454
H                     0.290749988900    -0.705249116285     1.363180873300
B3LYP/def2-svp : -73921.86051455158
B3LYP/aug-cc-pvtz : -74004.18080939449
PBE/def2-svp : -73814.61247710676
WB97M-V/sto-3g : -73063.3876764253
HF/aug-cc-pvtz : -73474.5149992692
PBE/sto-3g : -72977.52374775312
HF/aug-cc-pvdz : -73455.79920014815
PBE0/def2-svp : -73830.35895339193
PBE0/aug-cc-pvtz : -73907.87437851547
PBE/aug-cc-pvdz : -73875.11083525584
B2PLYP/def2-svp : -73828.27939677489
WB97M-V/def2-tzvp : -73955.16108438895
PBE0/def2-tzvp : -73908.28646527675
WB97X-D/aug-cc-pvtz : -73977.07917548486
SVWN/sto-3g : -72663.9551930907
WB97X-D/def2-svp : -73898.83175896146
B2PLYP/def2-tzvp : -73923.3726091773
B2PLYP/aug-cc-pvtz : -73927.56104950016
B3LYP/def2-tzvp : -74004.2875435171
WB97M-V/def2-svp : -73872.61824682805
B3LYP/aug-cc-pvdz : -73982.08613476409
B3LYP/sto-3g : -73081.86185761237
HF/sto-3g : -72572.4642361583
PBE/aug-cc-pvtz : -73894.84372881983
WB97M-V/aug-cc-pvtz : -73954.98133556648
HF/cc-pvtz : -73474.1074726941
WB97M-V/aug-cc-pvdz : -73933.5535680622
PBE0/sto-3g : -73000.31248754419
HF/def2-tzvp : -73474.82922074474
B2PLYP/aug-cc-pvdz : -73891.12340005129
PBE/def2-tzvp : -73895.06396886776
WB97X-D/sto-3g : -73072.00771405823
HF/def2-svp : -73397.1954062565
PBE0/aug-cc-pvdz : -73889.45166409019
B2PLYP/sto-3g : -72941.56653771597
WB97X-D/aug-cc-pvdz : -73957.16222289836
WB97X-D/def2-tzvp : -73977.46097148627
B3LYP-D3/def2-svp : -73923.49385896088
B3LYP-D3M/def2-svp : -73924.63691766812
B3LYP-D3(BJ)/def2-svp : -73926.71034702157
B3LYP-D3M(BJ)/def2-svp : -73927.91158213212
B3LYP-D3/aug-cc-pvtz : -74005.81415380377
B3LYP-D3M/aug-cc-pvtz : -74006.95721251101
B3LYP-D3(BJ)/aug-cc-pvtz : -74009.03064186446
B3LYP-D3M(BJ)/aug-cc-pvtz : -74010.23187697503
B3LYP-D3/def2-tzvp : -74005.9208879264
B3LYP-D3M/def2-tzvp : -74007.06394663364
B3LYP-D3(BJ)/def2-tzvp : -74009.13737598709
B3LYP-D3M(BJ)/def2-tzvp : -74010.33861109766
B3LYP-D3/aug-cc-pvdz : -73983.7194791734
B3LYP-D3M/aug-cc-pvdz : -73984.86253788063
B3LYP-D3(BJ)/aug-cc-pvdz : -73986.93596723408
B3LYP-D3M(BJ)/aug-cc-pvdz : -73988.13720234463
B3LYP-D3/sto-3g : -73083.49520202167
B3LYP-D3M/sto-3g : -73084.63826072891
B3LYP-D3(BJ)/sto-3g : -73086.71169008236
B3LYP-D3M(BJ)/sto-3g : -73087.91292519291
B2PLYP-D3/def2-svp : -73829.16682067269
B2PLYP-D3M/def2-svp : -73829.79038938698
B2PLYP-D3M(BJ)/def2-svp : -73831.74678822357
B2PLYP-D3/def2-tzvp : -73924.26003307512
B2PLYP-D3M/def2-tzvp : -73924.88360178939
B2PLYP-D3M(BJ)/def2-tzvp : -73926.84000062598
B2PLYP-D3/aug-cc-pvtz : -73928.44847339798
B2PLYP-D3M/aug-cc-pvtz : -73929.07204211227
B2PLYP-D3M(BJ)/aug-cc-pvtz : -73931.02844094885
B2PLYP-D3/aug-cc-pvdz : -73892.01082394911
B2PLYP-D3M/aug-cc-pvdz : -73892.63439266339
B2PLYP-D3M(BJ)/aug-cc-pvdz : -73894.59079149997
B2PLYP-D3/sto-3g : -72942.45396161379
B2PLYP-D3M/sto-3g : -72943.07753032807
B2PLYP-D3M(BJ)/sto-3g : -72945.03392916467
CCSD(T0)/cc-pVDZ : -73753.2217280441
HF/cc-pVDZ : -73474.10747279396
HF/cc-pVTZ : -73453.4720781518
MP2/cc-pVTZ : -73799.01887969064
