7
0 1 C2H4O
C                     0.867050805896     0.767346088126    -0.248729540047
C                    -0.632155984884     0.306428456589    -0.131541362873
O                    -1.326074088854     0.334063556351     0.859470707485
H                     1.483906139743    -0.103278341433    -0.577482284495
H                     1.216140613732     1.086585972612     0.690410272909
H                     0.839445482935     1.476304890120    -1.060689368156
H                    -1.158044200437     0.115847093952    -1.094653903617
B3LYP/def2-svp : -96453.5462539795
B3LYP/aug-cc-pvtz : -96566.8263499589
PBE/def2-svp : -96335.04277307347
WB97M-V/sto-3g : -95253.33935475117
HF/aug-cc-pvtz : -95988.98753847959
PBE/sto-3g : -95147.97176934268
HF/aug-cc-pvdz : -95964.94655865066
PBE0/def2-svp : -96340.45897678414
PBE0/aug-cc-pvtz : -96449.56633207938
PBE/aug-cc-pvdz : -96420.93585192923
B2PLYP/def2-svp : -96353.26177791618
WB97M-V/def2-tzvp : -96522.53772456944
PBE0/def2-tzvp : -96451.19174510935
WB97X-D/aug-cc-pvtz : -96530.9953996621
SVWN/sto-3g : -94742.5560277603
WB97X-D/def2-svp : -96420.92270713123
B2PLYP/def2-tzvp : -96485.87065875808
B2PLYP/aug-cc-pvtz : -96488.64412679474
B3LYP/def2-tzvp : -96568.08952603121
WB97M-V/def2-svp : -96407.28827961365
B3LYP/aug-cc-pvdz : -96539.63955979275
B3LYP/sto-3g : -95260.43978952976
HF/sto-3g : -94714.3884282134
PBE/aug-cc-pvtz : -96446.0141658898
WB97M-V/aug-cc-pvtz : -96521.17598777881
HF/cc-pvtz : -95987.44210824682
WB97M-V/aug-cc-pvdz : -96495.376388471
PBE0/sto-3g : -95165.1909201799
HF/def2-tzvp : -95990.53357062231
B2PLYP/aug-cc-pvdz : -96444.61683696878
PBE/def2-tzvp : -96447.41494990622
WB97X-D/sto-3g : -95247.13505485526
HF/def2-svp : -95877.55108897648
PBE0/aug-cc-pvdz : -96425.8199889647
B2PLYP/sto-3g : -95114.62319513442
WB97X-D/aug-cc-pvdz : -96505.75848730333
WB97X-D/def2-tzvp : -96532.58108901896
B3LYP-D3/def2-svp : -96454.7512478718
B3LYP-D3M/def2-svp : -96455.50840707796
B3LYP-D3(BJ)/def2-svp : -96456.89820878538
B3LYP-D3M(BJ)/def2-svp : -96457.73048715063
B3LYP-D3/aug-cc-pvtz : -96568.03134385121
B3LYP-D3M/aug-cc-pvtz : -96568.78850305735
B3LYP-D3(BJ)/aug-cc-pvtz : -96570.17830476478
B3LYP-D3M(BJ)/aug-cc-pvtz : -96571.01058313003
B3LYP-D3/def2-tzvp : -96569.29451992353
B3LYP-D3M/def2-tzvp : -96570.05167912968
B3LYP-D3(BJ)/def2-tzvp : -96571.4414808371
B3LYP-D3M(BJ)/def2-tzvp : -96572.27375920236
B3LYP-D3/aug-cc-pvdz : -96540.84455368505
B3LYP-D3M/aug-cc-pvdz : -96541.6017128912
B3LYP-D3(BJ)/aug-cc-pvdz : -96542.99151459862
B3LYP-D3M(BJ)/aug-cc-pvdz : -96543.82379296389
B3LYP-D3/sto-3g : -95261.64478342206
B3LYP-D3M/sto-3g : -95262.40194262822
B3LYP-D3(BJ)/sto-3g : -95263.79174433563
B3LYP-D3M(BJ)/sto-3g : -95264.6240227009
B2PLYP-D3/def2-svp : -96353.91303234846
B2PLYP-D3M/def2-svp : -96354.32767178344
B2PLYP-D3M(BJ)/def2-svp : -96355.66593613778
B2PLYP-D3/def2-tzvp : -96486.52191319034
B2PLYP-D3M/def2-tzvp : -96486.93655262534
B2PLYP-D3M(BJ)/def2-tzvp : -96488.27481697968
B2PLYP-D3/aug-cc-pvtz : -96489.295381227
B2PLYP-D3M/aug-cc-pvtz : -96489.710020662
B2PLYP-D3M(BJ)/aug-cc-pvtz : -96491.04828501634
B2PLYP-D3/aug-cc-pvdz : -96445.26809140104
B2PLYP-D3M/aug-cc-pvdz : -96445.68273083604
B2PLYP-D3M(BJ)/aug-cc-pvdz : -96447.02099519038
B2PLYP-D3/sto-3g : -95115.27444956668
B2PLYP-D3M/sto-3g : -95115.68908900168
B2PLYP-D3M(BJ)/sto-3g : -95117.02735335602
CCSD(T0)/cc-pVDZ : -96272.80136309908
HF/cc-pVDZ : -95987.44210845485
HF/cc-pVTZ : -95958.20084362656
MP2/cc-pVTZ : -96344.13912998675
