12
0 1 C4H8
C                    -1.624740902207     0.488179015770    -1.113039599582
C                    -0.550320888297     0.732772686658    -0.097836547587
C                     0.526030691225    -0.170034406400     0.396594755136
C                     0.890981606973     1.145982516104    -0.399470224722
H                    -1.849072494118     1.489846228018    -1.504517570932
H                    -2.524644341700     0.051752065383    -0.712790314879
H                    -1.230854677122    -0.110588649426    -1.943183845813
H                    -0.951646625282     1.254825240576     0.722895758066
H                     0.612132792375    -1.129379914501    -0.050773881309
H                     0.803592816727    -0.204011583904     1.432295851519
H                     1.446358963439     1.856079430108     0.272401123668
H                     1.279338141877     1.020932977541    -1.374666156648
B3LYP/def2-svp : -98571.65509078524
B3LYP/aug-cc-pvtz : -98682.03378354324
PBE/def2-svp : -98428.00487050845
WB97M-V/sto-3g : -97433.99274525885
HF/aug-cc-pvtz : -97976.603696689
PBE/sto-3g : -97317.42687054897
HF/aug-cc-pvdz : -97951.53671924026
PBE0/def2-svp : -98449.68807682248
PBE0/aug-cc-pvtz : -98553.7386315212
PBE/aug-cc-pvdz : -98509.04498738809
B2PLYP/def2-svp : -98447.70122037569
WB97M-V/def2-tzvp : -98617.67469295776
PBE0/def2-tzvp : -98554.14345722056
WB97X-D/aug-cc-pvtz : -98647.08301609478
SVWN/sto-3g : -96901.21638974232
WB97X-D/def2-svp : -98542.03629631335
B2PLYP/def2-tzvp : -98575.14602289979
B2PLYP/aug-cc-pvtz : -98581.0529346631
B3LYP/def2-tzvp : -98681.99509107562
WB97M-V/def2-svp : -98507.05972652789
B3LYP/aug-cc-pvdz : -98652.36737535353
B3LYP/sto-3g : -97457.25543645954
HF/sto-3g : -96779.5075352069
PBE/aug-cc-pvtz : -98535.54335366238
WB97M-V/aug-cc-pvtz : -98617.67899220723
HF/cc-pvtz : -97976.04330425296
WB97M-V/aug-cc-pvdz : -98588.87803807622
PBE0/sto-3g : -97348.82544334183
HF/def2-tzvp : -97976.87574793617
B2PLYP/aug-cc-pvdz : -98532.23309061945
PBE/def2-tzvp : -98535.6813480818
WB97X-D/sto-3g : -97445.32558413048
HF/def2-svp : -97872.51412241296
PBE0/aug-cc-pvdz : -98529.04143368079
B2PLYP/sto-3g : -97270.749647441
WB97X-D/aug-cc-pvdz : -98620.49484209208
WB97X-D/def2-tzvp : -98647.42543186572
B3LYP-D3/def2-svp : -98574.81540419784
B3LYP-D3M/def2-svp : -98576.3949020192
B3LYP-D3(BJ)/def2-svp : -98579.46148434168
B3LYP-D3M(BJ)/def2-svp : -98581.24124553651
B3LYP-D3/aug-cc-pvtz : -98685.19409695585
B3LYP-D3M/aug-cc-pvtz : -98686.7735947772
B3LYP-D3(BJ)/aug-cc-pvtz : -98689.84017709969
B3LYP-D3M(BJ)/aug-cc-pvtz : -98691.6199382945
B3LYP-D3/def2-tzvp : -98685.15540448822
B3LYP-D3M/def2-tzvp : -98686.73490230957
B3LYP-D3(BJ)/def2-tzvp : -98689.80148463206
B3LYP-D3M(BJ)/def2-tzvp : -98691.58124582688
B3LYP-D3/aug-cc-pvdz : -98655.52768876613
B3LYP-D3M/aug-cc-pvdz : -98657.10718658748
B3LYP-D3(BJ)/aug-cc-pvdz : -98660.17376890997
B3LYP-D3M(BJ)/aug-cc-pvdz : -98661.95353010479
B3LYP-D3/sto-3g : -97460.41574987215
B3LYP-D3M/sto-3g : -97461.99524769348
B3LYP-D3(BJ)/sto-3g : -97465.06183001597
B3LYP-D3M(BJ)/sto-3g : -97466.8415912108
B2PLYP-D3/def2-svp : -98449.40260563724
B2PLYP-D3M/def2-svp : -98450.28357873767
B2PLYP-D3M(BJ)/def2-svp : -98453.14146395937
B2PLYP-D3/def2-tzvp : -98576.84740816134
B2PLYP-D3M/def2-tzvp : -98577.72838126177
B2PLYP-D3M(BJ)/def2-tzvp : -98580.58626648347
B2PLYP-D3/aug-cc-pvtz : -98582.75431992463
B2PLYP-D3M/aug-cc-pvtz : -98583.63529302506
B2PLYP-D3M(BJ)/aug-cc-pvtz : -98586.49317824676
B2PLYP-D3/aug-cc-pvdz : -98533.934475881
B2PLYP-D3M/aug-cc-pvdz : -98534.81544898143
B2PLYP-D3M(BJ)/aug-cc-pvdz : -98537.67333420314
B2PLYP-D3/sto-3g : -97272.45103270253
B2PLYP-D3M/sto-3g : -97273.33200580296
B2PLYP-D3M(BJ)/sto-3g : -97276.18989102467
CCSD(T0)/cc-pVDZ : -98348.4438054278
HF/cc-pVDZ : -97976.04330420298
HF/cc-pVTZ : -97948.04488326734
MP2/cc-pVTZ : -98410.72078596866
