9
0 1 C2H6O
C                    -0.842815077034    -0.166780776195    -0.953823633868
C                     0.398271135622     0.410205235329    -0.121793579979
O                     1.036631987889    -0.640108211293     0.608449787782
H                    -1.292441416297     0.531875575227    -1.623812529584
H                    -1.616808467026    -0.444885953935    -0.182545579147
H                    -0.630747304566    -1.070465959457    -1.510337054428
H                    -0.046036697502     1.271104715991     0.468804949069
H                     1.142572810373     0.802851069031    -0.802297724297
H                     0.359142095173    -1.190111836685     1.012431687442
B3LYP/def2-svp : -97210.82582166923
B3LYP/aug-cc-pvtz : -97327.5704205453
PBE/def2-svp : -97084.9314302332
WB97M-V/sto-3g : -96005.53840272909
HF/aug-cc-pvtz : -96720.57764640718
PBE/sto-3g : -95896.68925738882
HF/aug-cc-pvdz : -96695.96699101404
PBE0/def2-svp : -97096.32867326637
PBE0/aug-cc-pvtz : -97208.31678848874
PBE/aug-cc-pvdz : -97173.72473176221
B2PLYP/def2-svp : -97103.74035643351
WB97M-V/def2-tzvp : -97273.2429236358
PBE0/def2-tzvp : -97208.55277163774
WB97X-D/aug-cc-pvtz : -97293.11630409978
SVWN/sto-3g : -95503.73189356997
WB97X-D/def2-svp : -97180.7907983555
B2PLYP/def2-tzvp : -97238.41739641193
B2PLYP/aug-cc-pvtz : -97244.0098123162
B3LYP/def2-tzvp : -97327.35726887506
WB97M-V/def2-svp : -97156.27222466217
B3LYP/aug-cc-pvdz : -97299.3638429263
B3LYP/sto-3g : -96020.46005856978
HF/sto-3g : -95457.71413474466
PBE/aug-cc-pvtz : -97199.8652955625
WB97M-V/aug-cc-pvtz : -97273.4700496354
HF/cc-pvtz : -96718.86839094885
WB97M-V/aug-cc-pvdz : -97246.4210119232
PBE0/sto-3g : -95922.40638156635
HF/def2-tzvp : -96720.85865043051
B2PLYP/aug-cc-pvdz : -97197.89924064549
PBE/def2-tzvp : -97199.76272730557
WB97X-D/sto-3g : -96008.93652127989
HF/def2-svp : -96608.5786507645
PBE0/aug-cc-pvdz : -97183.65001395658
B2PLYP/sto-3g : -95861.84634353369
WB97X-D/aug-cc-pvdz : -97267.26683810195
WB97X-D/def2-tzvp : -97293.3892922006
B3LYP-D3/def2-svp : -97213.00471653993
B3LYP-D3M/def2-svp : -97214.13585884227
B3LYP-D3(BJ)/def2-svp : -97215.28781563386
B3LYP-D3M(BJ)/def2-svp : -97216.27561594709
B3LYP-D3/aug-cc-pvtz : -97329.74931541599
B3LYP-D3M/aug-cc-pvtz : -97330.88045771833
B3LYP-D3(BJ)/aug-cc-pvtz : -97332.03241450991
B3LYP-D3M(BJ)/aug-cc-pvtz : -97333.02021482315
B3LYP-D3/def2-tzvp : -97329.53616374575
B3LYP-D3M/def2-tzvp : -97330.6673060481
B3LYP-D3(BJ)/def2-tzvp : -97331.81926283968
B3LYP-D3M(BJ)/def2-tzvp : -97332.80706315291
B3LYP-D3/aug-cc-pvdz : -97301.542737797
B3LYP-D3M/aug-cc-pvdz : -97302.67388009935
B3LYP-D3(BJ)/aug-cc-pvdz : -97303.82583689093
B3LYP-D3M(BJ)/aug-cc-pvdz : -97304.81363720416
B3LYP-D3/sto-3g : -96022.63895344047
B3LYP-D3M/sto-3g : -96023.77009574282
B3LYP-D3(BJ)/sto-3g : -96024.9220525344
B3LYP-D3M(BJ)/sto-3g : -96025.90985284763
B2PLYP-D3/def2-svp : -97104.94256418376
B2PLYP-D3M/def2-svp : -97105.5113136704
B2PLYP-D3M(BJ)/def2-svp : -97106.99197247453
B2PLYP-D3/def2-tzvp : -97239.61960416217
B2PLYP-D3M/def2-tzvp : -97240.18835364882
B2PLYP-D3M(BJ)/def2-tzvp : -97241.66901245296
B2PLYP-D3/aug-cc-pvtz : -97245.21202006645
B2PLYP-D3M/aug-cc-pvtz : -97245.7807695531
B2PLYP-D3M(BJ)/aug-cc-pvtz : -97247.26142835722
B2PLYP-D3/aug-cc-pvdz : -97199.10144839574
B2PLYP-D3M/aug-cc-pvdz : -97199.67019788238
B2PLYP-D3M(BJ)/aug-cc-pvdz : -97201.15085668652
B2PLYP-D3/sto-3g : -95863.04855128394
B2PLYP-D3M/sto-3g : -95863.61730077058
B2PLYP-D3M(BJ)/sto-3g : -95865.0979595747
CCSD(T0)/cc-pVDZ : -97022.87536590672
HF/cc-pVDZ : -96718.86839109824
HF/cc-pVTZ : -96687.62214688798
MP2/cc-pVTZ : -97097.49877477359
