7
0 1 C3H4
C                    -1.227175038096    -0.564520686690     1.173178790373
C                    -0.041344716013    -0.121848402738     0.440947928260
C                     0.808820277928    -0.000479926688    -0.418758141373
H                    -1.078079226696    -0.613184558540     2.251035910809
H                    -1.497110021334    -1.574295692864     0.852072487282
H                    -2.090985432634     0.112912843362     1.109542129811
H                     1.643174541627     0.059028241446    -1.182296757134
B3LYP/def2-svp : -73144.22772539184
B3LYP/aug-cc-pvtz : -73227.59986984299
PBE/def2-svp : -73040.10885299316
WB97M-V/sto-3g : -72280.53477609478
HF/aug-cc-pvtz : -72726.34098058396
PBE/sto-3g : -72195.28703030752
HF/aug-cc-pvdz : -72707.64774431972
PBE0/def2-svp : -73048.90996106266
PBE0/aug-cc-pvtz : -73127.9615541308
PBE/aug-cc-pvdz : -73100.73906344999
B2PLYP/def2-svp : -73057.97673828361
WB97M-V/def2-tzvp : -73185.56335763038
PBE0/def2-tzvp : -73128.5566103007
WB97X-D/aug-cc-pvtz : -73195.57107330978
SVWN/sto-3g : -71865.00939043095
WB97X-D/def2-svp : -73115.43813485316
B2PLYP/def2-tzvp : -73154.44586263975
B2PLYP/aug-cc-pvtz : -73157.28581064167
B3LYP/def2-tzvp : -73227.83287258222
WB97M-V/def2-svp : -73101.7438294822
B3LYP/aug-cc-pvdz : -73204.89747512032
B3LYP/sto-3g : -72294.21527175143
HF/sto-3g : -71806.84783098452
PBE/aug-cc-pvtz : -73121.29838165766
WB97M-V/aug-cc-pvtz : -73184.9726349979
HF/cc-pvtz : -72725.63618791277
WB97M-V/aug-cc-pvdz : -73163.35701380027
PBE0/sto-3g : -72210.19613544884
HF/def2-tzvp : -72727.15440230047
B2PLYP/aug-cc-pvdz : -73121.59823120103
PBE/def2-tzvp : -73121.60533130063
WB97X-D/sto-3g : -72279.04925123659
HF/def2-svp : -72646.90261589839
PBE0/aug-cc-pvdz : -73108.88195202532
B2PLYP/sto-3g : -72173.31716761709
WB97X-D/aug-cc-pvdz : -73175.09483916257
WB97X-D/def2-tzvp : -73196.09539269893
B3LYP-D3/def2-svp : -73145.03603917031
B3LYP-D3M/def2-svp : -73145.61803538195
B3LYP-D3(BJ)/def2-svp : -73147.79549953106
B3LYP-D3M(BJ)/def2-svp : -73148.74696704576
B3LYP-D3/aug-cc-pvtz : -73228.40818362146
B3LYP-D3M/aug-cc-pvtz : -73228.9901798331
B3LYP-D3(BJ)/aug-cc-pvtz : -73231.1676439822
B3LYP-D3M(BJ)/aug-cc-pvtz : -73232.11911149691
B3LYP-D3/def2-tzvp : -73228.64118636069
B3LYP-D3M/def2-tzvp : -73229.22318257233
B3LYP-D3(BJ)/def2-tzvp : -73231.40064672143
B3LYP-D3M(BJ)/def2-tzvp : -73232.35211423614
B3LYP-D3/aug-cc-pvdz : -73205.70578889878
B3LYP-D3M/aug-cc-pvdz : -73206.28778511041
B3LYP-D3(BJ)/aug-cc-pvdz : -73208.46524925952
B3LYP-D3M(BJ)/aug-cc-pvdz : -73209.41671677423
B3LYP-D3/sto-3g : -72295.0235855299
B3LYP-D3M/sto-3g : -72295.60558174153
B3LYP-D3(BJ)/sto-3g : -72297.78304589064
B3LYP-D3M(BJ)/sto-3g : -72298.73451340535
B2PLYP-D3/def2-svp : -73058.41168392518
B2PLYP-D3M/def2-svp : -73058.74694968683
B2PLYP-D3M(BJ)/def2-svp : -73060.43525137583
B2PLYP-D3/def2-tzvp : -73154.8808082813
B2PLYP-D3M/def2-tzvp : -73155.21607404295
B2PLYP-D3M(BJ)/def2-tzvp : -73156.90437573196
B2PLYP-D3/aug-cc-pvtz : -73157.72075628322
B2PLYP-D3M/aug-cc-pvtz : -73158.05602204487
B2PLYP-D3M(BJ)/aug-cc-pvtz : -73159.74432373387
B2PLYP-D3/aug-cc-pvdz : -73122.0331768426
B2PLYP-D3M/aug-cc-pvdz : -73122.36844260425
B2PLYP-D3M(BJ)/aug-cc-pvdz : -73124.05674429325
B2PLYP-D3/sto-3g : -72173.75211325864
B2PLYP-D3M/sto-3g : -72174.08737902029
B2PLYP-D3M(BJ)/sto-3g : -72175.7756807093
CCSD(T0)/cc-pVDZ : -72984.7476346209
HF/cc-pVDZ : -72725.63618822282
HF/cc-pVTZ : -72705.24628564635
MP2/cc-pVTZ : -73030.22391518972
