4
0 1 C2H2
C                     0.289414917131     0.703128158149    -0.073581858306
C                     0.039743748572     0.353916343215    -1.191726112933
H                     0.594892971450     0.889698833789     0.947990735729
H                    -0.321107467281     0.230008922534    -2.158684655435
B3LYP/def2-svp : -48487.44146347881
B3LYP/aug-cc-pvtz : -48545.61448697682
PBE/def2-svp : -48417.79246453136
WB97M-V/sto-3g : -47905.246503847455
HF/aug-cc-pvtz : -48222.74965479319
PBE/sto-3g : -47847.04437861358
HF/aug-cc-pvdz : -48208.99909596589
PBE0/def2-svp : -48422.05437204006
PBE0/aug-cc-pvtz : -48477.260337986714
PBE/aug-cc-pvdz : -48459.319963738264
B2PLYP/def2-svp : -48432.677534019516
WB97M-V/def2-tzvp : -48520.2750874676
PBE0/def2-tzvp : -48477.58675426163
WB97X-D/aug-cc-pvtz : -48522.512474739015
SVWN/sto-3g : -47619.58407999548
WB97X-D/def2-svp : -48466.311795482434
B2PLYP/def2-tzvp : -48499.28186499931
B2PLYP/aug-cc-pvtz : -48500.74051140787
B3LYP/def2-tzvp : -48545.63263607726
WB97M-V/def2-svp : -48461.735376052966
B3LYP/aug-cc-pvdz : -48529.08554610002
B3LYP/sto-3g : -47912.33309855784
HF/sto-3g : -47596.92342567964
PBE/aug-cc-pvtz : -48474.42007780729
WB97M-V/aug-cc-pvtz : -48519.85418990226
HF/cc-pvtz : -48222.27096754925
WB97M-V/aug-cc-pvdz : -48504.00193075142
PBE0/sto-3g : -47854.99764743193
HF/def2-tzvp : -48223.43876390364
B2PLYP/aug-cc-pvdz : -48475.85758080795
PBE/def2-tzvp : -48474.4475909543
WB97X-D/sto-3g : -47900.61037241301
HF/def2-svp : -48167.228355594605
PBE0/aug-cc-pvdz : -48463.16359551195
B2PLYP/sto-3g : -47838.45359383786
WB97X-D/aug-cc-pvdz : -48507.36769094564
WB97X-D/def2-tzvp : -48522.72276675051
B3LYP-D3/def2-svp : -48487.632176158084
B3LYP-D3M/def2-svp : -48487.85241943319
B3LYP-D3(BJ)/def2-svp : -48488.867252854565
B3LYP-D3M(BJ)/def2-svp : -48489.3027005037
B3LYP-D3/aug-cc-pvtz : -48545.80519965608
B3LYP-D3M/aug-cc-pvtz : -48546.0254429312
B3LYP-D3(BJ)/aug-cc-pvtz : -48547.04027635257
B3LYP-D3M(BJ)/aug-cc-pvtz : -48547.475724001706
B3LYP-D3/def2-tzvp : -48545.82334875652
B3LYP-D3M/def2-tzvp : -48546.04359203164
B3LYP-D3(BJ)/def2-tzvp : -48547.05842545301
B3LYP-D3M(BJ)/def2-tzvp : -48547.49387310215
B3LYP-D3/aug-cc-pvdz : -48529.27625877928
B3LYP-D3M/aug-cc-pvdz : -48529.49650205439
B3LYP-D3(BJ)/aug-cc-pvdz : -48530.51133547576
B3LYP-D3M(BJ)/aug-cc-pvdz : -48530.9467831249
B3LYP-D3/sto-3g : -47912.52381123711
B3LYP-D3M/sto-3g : -47912.74405451222
B3LYP-D3(BJ)/sto-3g : -47913.758887933596
B3LYP-D3M(BJ)/sto-3g : -47914.19433558273
B2PLYP-D3/def2-svp : -48432.78241595296
B2PLYP-D3M/def2-svp : -48432.90365078329
B2PLYP-D3M(BJ)/def2-svp : -48433.670956817645
B2PLYP-D3/def2-tzvp : -48499.38674693276
B2PLYP-D3M/def2-tzvp : -48499.50798176309
B2PLYP-D3M(BJ)/def2-tzvp : -48500.27528779744
B2PLYP-D3/aug-cc-pvtz : -48500.845393341326
B2PLYP-D3M/aug-cc-pvtz : -48500.966628171656
B2PLYP-D3M(BJ)/aug-cc-pvtz : -48501.73393420601
B2PLYP-D3/aug-cc-pvdz : -48475.962462741394
B2PLYP-D3M/aug-cc-pvdz : -48476.083697571725
B2PLYP-D3M(BJ)/aug-cc-pvdz : -48476.851003606076
B2PLYP-D3/sto-3g : -47838.558475771315
B2PLYP-D3M/sto-3g : -47838.679710601646
B2PLYP-D3M(BJ)/sto-3g : -47839.447016636
CCSD(T0)/cc-pVDZ : -48384.64739511972
HF/cc-pVDZ : -48222.27096746641
HF/cc-pVTZ : -48207.19097882593
MP2/cc-pVTZ : -48416.52826053051
