8
0 1 C2H6
C                    -0.356209225735     0.587795106940    -1.145545442187
C                     0.887969345078    -0.035679302462    -0.345923259034
H                    -1.300778306912     0.040145626913    -0.835632671172
H                    -0.292282655438     0.580766749856    -2.278403606743
H                    -0.416702145031     1.671468175969    -0.889838563031
H                     1.087436450349    -1.039881691599    -0.750031732591
H                     0.545612243018     0.049736021921     0.706242551246
H                     1.749510140894     0.627302133378    -0.301063647444
B3LYP/def2-svp : -50049.770205272536
B3LYP/aug-cc-pvtz : -50107.36255329682
PBE/def2-svp : -49968.780376021816
WB97M-V/sto-3g : -49468.46825910345
HF/aug-cc-pvtz : -49726.16914926411
PBE/sto-3g : -49413.97362311616
HF/aug-cc-pvdz : -49712.64430318941
PBE0/def2-svp : -49981.797718232214
PBE0/aug-cc-pvtz : -50035.348765732
PBE/aug-cc-pvdz : -50009.556789261085
B2PLYP/def2-svp : -49980.35415584661
WB97M-V/def2-tzvp : -50061.46256531609
PBE0/def2-tzvp : -50035.27917641116
WB97X-D/aug-cc-pvtz : -50087.31643226374
SVWN/sto-3g : -49208.896133198294
WB97X-D/def2-svp : -50033.15714346886
B2PLYP/def2-tzvp : -50045.53358665206
B2PLYP/aug-cc-pvtz : -50049.891293021494
B3LYP/def2-tzvp : -50106.998857914085
WB97M-V/def2-svp : -50004.034158904506
B3LYP/aug-cc-pvdz : -50090.3574398598
B3LYP/sto-3g : -49493.41908833732
HF/sto-3g : -49125.69701720664
PBE/aug-cc-pvtz : -50024.740705625554
WB97M-V/aug-cc-pvtz : -50061.96790485354
HF/cc-pvtz : -49725.888719836585
WB97M-V/aug-cc-pvdz : -50045.158558103576
PBE0/sto-3g : -49431.40469951153
HF/def2-tzvp : -49725.9616842139
B2PLYP/aug-cc-pvdz : -50023.08378588851
PBE/def2-tzvp : -50024.542158238866
WB97X-D/sto-3g : -49485.9512202571
HF/def2-svp : -49673.3469060233
PBE0/aug-cc-pvdz : -50021.43455065574
B2PLYP/sto-3g : -49389.40886926511
WB97X-D/aug-cc-pvdz : -50072.277025645184
WB97X-D/def2-tzvp : -50087.13435395536
B3LYP-D3/def2-svp : -50050.94661610831
B3LYP-D3M/def2-svp : -50051.69692918611
B3LYP-D3(BJ)/def2-svp : -50053.137063428425
B3LYP-D3M(BJ)/def2-svp : -50053.890915659664
B3LYP-D3/aug-cc-pvtz : -50108.5389641326
B3LYP-D3M/aug-cc-pvtz : -50109.28927721039
B3LYP-D3(BJ)/aug-cc-pvtz : -50110.72941145271
B3LYP-D3M(BJ)/aug-cc-pvtz : -50111.48326368394
B3LYP-D3/def2-tzvp : -50108.17526874986
B3LYP-D3M/def2-tzvp : -50108.92558182765
B3LYP-D3(BJ)/def2-tzvp : -50110.36571606997
B3LYP-D3M(BJ)/def2-tzvp : -50111.119568301205
B3LYP-D3/aug-cc-pvdz : -50091.53385069557
B3LYP-D3M/aug-cc-pvdz : -50092.284163773365
B3LYP-D3(BJ)/aug-cc-pvdz : -50093.72429801569
B3LYP-D3M(BJ)/aug-cc-pvdz : -50094.47815024692
B3LYP-D3/sto-3g : -49494.5954991731
B3LYP-D3M/sto-3g : -49495.34581225089
B3LYP-D3(BJ)/sto-3g : -49496.78594649321
B3LYP-D3M(BJ)/sto-3g : -49497.53979872444
B2PLYP-D3/def2-svp : -49980.9994238385
B2PLYP-D3M/def2-svp : -49981.39560194476
B2PLYP-D3M(BJ)/def2-svp : -49982.860522811294
B2PLYP-D3/def2-tzvp : -50046.17885464395
B2PLYP-D3M/def2-tzvp : -50046.57503275021
B2PLYP-D3M(BJ)/def2-tzvp : -50048.039953616746
B2PLYP-D3/aug-cc-pvtz : -50050.53656101338
B2PLYP-D3M/aug-cc-pvtz : -50050.93273911965
B2PLYP-D3M(BJ)/aug-cc-pvtz : -50052.397659986185
B2PLYP-D3/aug-cc-pvdz : -50023.7290538804
B2PLYP-D3M/aug-cc-pvdz : -50024.12523198666
B2PLYP-D3M(BJ)/aug-cc-pvdz : -50025.5901528532
B2PLYP-D3/sto-3g : -49390.054137257
B2PLYP-D3M/sto-3g : -49390.45031536326
B2PLYP-D3M(BJ)/sto-3g : -49391.9152362298
CCSD(T0)/cc-pVDZ : -49931.83296262117
HF/cc-pVDZ : -49725.888719761686
HF/cc-pVTZ : -49711.17465135256
MP2/cc-pVTZ : -49959.33831813964
