10
0 1 C2H7N
C                    -1.372788334273    -0.801523268158    -0.408399545100
C                    -0.403818886620    -0.175705741444     0.539672837382
N                     0.909120722234    -0.787891303370     0.400800729691
H                    -2.334405145048    -0.379378535515    -0.315484192110
H                    -1.380972271507    -1.982360411667    -0.287990774255
H                    -0.985644864040    -0.534072761340    -1.396597800309
H                    -0.843540256191    -0.231385201331     1.539078822491
H                    -0.342600047318     0.939990153107     0.243671595474
H                     0.768322949257    -1.791248940467     0.516080598591
H                     1.591503747281    -0.413484636463     1.047517475327
B3LYP/def2-svp : -84752.7849178204
B3LYP/aug-cc-pvtz : -84853.36710107375
PBE/def2-svp : -84632.98066903968
WB97M-V/sto-3g : -83731.82941202326
HF/aug-cc-pvtz : -84269.6855449555
PBE/sto-3g : -83633.76565676392
HF/aug-cc-pvdz : -84248.72204539004
PBE0/def2-svp : -84648.55014416615
PBE0/aug-cc-pvtz : -84743.93416537382
PBE/aug-cc-pvdz : -84708.7419144915
B2PLYP/def2-svp : -84649.94185075349
WB97M-V/def2-tzvp : -84796.85039358855
PBE0/def2-tzvp : -84743.31988226794
WB97X-D/aug-cc-pvtz : -84822.9102173978
SVWN/sto-3g : -83288.06978691813
WB97X-D/def2-svp : -84727.16557709462
B2PLYP/def2-tzvp : -84764.4478937252
B2PLYP/aug-cc-pvtz : -84771.10181698162
B3LYP/def2-tzvp : -84852.30144829518
WB97M-V/def2-svp : -84697.25548312419
B3LYP/aug-cc-pvdz : -84828.2859511712
B3LYP/sto-3g : -83751.87054278557
HF/sto-3g : -83204.14133866808
PBE/aug-cc-pvtz : -84731.66410616176
WB97M-V/aug-cc-pvtz : -84797.93958541243
HF/cc-pvtz : -84268.17367576297
WB97M-V/aug-cc-pvdz : -84773.87688982506
PBE0/sto-3g : -83660.91070486575
HF/def2-tzvp : -84269.09305536655
B2PLYP/aug-cc-pvdz : -84729.64256085429
PBE/def2-tzvp : -84730.68347174146
WB97X-D/sto-3g : -83742.2002082913
HF/def2-svp : -84175.32536893104
PBE0/aug-cc-pvdz : -84722.59973213817
B2PLYP/sto-3g : -83597.67456864483
WB97X-D/aug-cc-pvdz : -84800.52349950602
WB97X-D/def2-tzvp : -84822.37062991789
B3LYP-D3/def2-svp : -84755.03319013852
B3LYP-D3M/def2-svp : -84756.26842371238
B3LYP-D3(BJ)/def2-svp : -84758.26577381721
B3LYP-D3M(BJ)/def2-svp : -84759.46525817634
B3LYP-D3/aug-cc-pvtz : -84855.61537339186
B3LYP-D3M/aug-cc-pvtz : -84856.85060696572
B3LYP-D3(BJ)/aug-cc-pvtz : -84858.84795707055
B3LYP-D3M(BJ)/aug-cc-pvtz : -84860.04744142968
B3LYP-D3/def2-tzvp : -84854.5497206133
B3LYP-D3M/def2-tzvp : -84855.78495418715
B3LYP-D3(BJ)/def2-tzvp : -84857.78230429199
B3LYP-D3M(BJ)/def2-tzvp : -84858.98178865112
B3LYP-D3/aug-cc-pvdz : -84830.53422348932
B3LYP-D3M/aug-cc-pvdz : -84831.76945706317
B3LYP-D3(BJ)/aug-cc-pvdz : -84833.76680716801
B3LYP-D3M(BJ)/aug-cc-pvdz : -84834.96629152713
B3LYP-D3/sto-3g : -83754.11881510369
B3LYP-D3M/sto-3g : -83755.35404867755
B3LYP-D3(BJ)/sto-3g : -83757.35139878238
B3LYP-D3M(BJ)/sto-3g : -83758.55088314152
B2PLYP-D3/def2-svp : -84651.17983281882
B2PLYP-D3M/def2-svp : -84651.81296477749
B2PLYP-D3M(BJ)/def2-svp : -84653.94217344807
B2PLYP-D3/def2-tzvp : -84765.68587579053
B2PLYP-D3M/def2-tzvp : -84766.3190077492
B2PLYP-D3M(BJ)/def2-tzvp : -84768.44821641978
B2PLYP-D3/aug-cc-pvtz : -84772.33979904695
B2PLYP-D3M/aug-cc-pvtz : -84772.97293100563
B2PLYP-D3M(BJ)/aug-cc-pvtz : -84775.10213967621
B2PLYP-D3/aug-cc-pvdz : -84730.88054291962
B2PLYP-D3M/aug-cc-pvdz : -84731.5136748783
B2PLYP-D3M(BJ)/aug-cc-pvdz : -84733.64288354888
B2PLYP-D3/sto-3g : -83598.91255071016
B2PLYP-D3M/sto-3g : -83599.54568266883
B2PLYP-D3M(BJ)/sto-3g : -83601.67489133941
CCSD(T0)/cc-pVDZ : -84572.78712323864
HF/cc-pVDZ : -84268.17367576032
HF/cc-pVTZ : -84242.14622626232
MP2/cc-pVTZ : -84632.12924781465
