5
0 1 CH4
C                     0.043999418159     0.221441363573    -0.502011411717
H                     0.425086846807    -0.102351175334    -1.472576847254
H                     0.413178274609    -0.522088014082     0.261427718728
H                    -1.068436892944     0.226189829437    -0.395835465215
H                     0.345756398876     1.224268299429    -0.223748152869
B3LYP/def2-svp : -25404.792389962884
B3LYP/aug-cc-pvtz : -25436.211628969977
PBE/def2-svp : -25359.291183491947
WB97M-V/sto-3g : -25103.701428106833
HF/aug-cc-pvtz : -25231.813671210788
PBE/sto-3g : -25078.053926057924
HF/aug-cc-pvdz : -25223.438317322125
PBE0/def2-svp : -25367.59450298622
PBE0/aug-cc-pvtz : -25396.19312775813
PBE/aug-cc-pvdz : -25379.984072360632
B2PLYP/def2-svp : -25366.694275387912
WB97M-V/def2-tzvp : -25406.373982255136
PBE0/def2-tzvp : -25395.925024293585
WB97X-D/aug-cc-pvtz : -25424.64154558092
SVWN/sto-3g : -24977.22609637456
WB97X-D/def2-svp : -25395.544149938247
B2PLYP/def2-tzvp : -25401.13928062407
B2PLYP/aug-cc-pvtz : -25404.04967115303
B3LYP/def2-tzvp : -25435.715854808866
WB97M-V/def2-svp : -25375.41270129428
B3LYP/aug-cc-pvdz : -25425.37719722193
B3LYP/sto-3g : -25122.688008191843
HF/sto-3g : -24925.601908807173
PBE/aug-cc-pvtz : -25389.642378816494
WB97M-V/aug-cc-pvtz : -25406.96646985754
HF/cc-pvtz : -25231.667227850867
WB97M-V/aug-cc-pvdz : -25396.157067570228
PBE0/sto-3g : -25088.301518393448
HF/def2-tzvp : -25231.487159181
B2PLYP/aug-cc-pvdz : -25388.158088111846
PBE/def2-tzvp : -25389.29292707763
WB97X-D/sto-3g : -25118.131413971623
HF/def2-svp : -25204.30211978318
PBE0/aug-cc-pvdz : -25387.38726201623
B2PLYP/sto-3g : -25065.29037644477
WB97X-D/aug-cc-pvdz : -25414.964355942964
WB97X-D/def2-tzvp : -25424.212816595867
B3LYP-D3/def2-svp : -25404.90079222448
B3LYP-D3M/def2-svp : -25405.074637449092
B3LYP-D3(BJ)/def2-svp : -25405.992451630726
B3LYP-D3M(BJ)/def2-svp : -25406.26032914999
B3LYP-D3/aug-cc-pvtz : -25436.32003123157
B3LYP-D3M/aug-cc-pvtz : -25436.493876456185
B3LYP-D3(BJ)/aug-cc-pvtz : -25437.411690637815
B3LYP-D3M(BJ)/aug-cc-pvtz : -25437.67956815708
B3LYP-D3/def2-tzvp : -25435.82425707046
B3LYP-D3M/def2-tzvp : -25435.998102295074
B3LYP-D3(BJ)/def2-tzvp : -25436.915916476704
B3LYP-D3M(BJ)/def2-tzvp : -25437.18379399597
B3LYP-D3/aug-cc-pvdz : -25425.48559948352
B3LYP-D3M/aug-cc-pvdz : -25425.659444708137
B3LYP-D3(BJ)/aug-cc-pvdz : -25426.577258889767
B3LYP-D3M(BJ)/aug-cc-pvdz : -25426.845136409032
B3LYP-D3/sto-3g : -25122.796410453437
B3LYP-D3M/sto-3g : -25122.97025567805
B3LYP-D3(BJ)/sto-3g : -25123.88806985968
B3LYP-D3M(BJ)/sto-3g : -25124.155947378946
B2PLYP-D3/def2-svp : -25366.75767267005
B2PLYP-D3M/def2-svp : -25366.85016129139
B2PLYP-D3M(BJ)/def2-svp : -25367.654208005428
B2PLYP-D3/def2-tzvp : -25401.202677906207
B2PLYP-D3M/def2-tzvp : -25401.295166527547
B2PLYP-D3M(BJ)/def2-tzvp : -25402.099213241585
B2PLYP-D3/aug-cc-pvtz : -25404.113068435166
B2PLYP-D3M/aug-cc-pvtz : -25404.205557056506
B2PLYP-D3M(BJ)/aug-cc-pvtz : -25405.009603770544
B2PLYP-D3/aug-cc-pvdz : -25388.221485393984
B2PLYP-D3M/aug-cc-pvdz : -25388.313974015324
B2PLYP-D3M(BJ)/aug-cc-pvdz : -25389.118020729362
B2PLYP-D3/sto-3g : -25065.353773726907
B2PLYP-D3M/sto-3g : -25065.446262348243
B2PLYP-D3M(BJ)/sto-3g : -25066.25030906228
CCSD(T0)/cc-pVDZ : -25341.918938284074
HF/cc-pVDZ : -25231.667227866328
HF/cc-pVTZ : -25222.894845542596
MP2/cc-pVTZ : -25356.413934392192
