7
0 1 C2H4O
C                     0.483219339405     0.211599863395    -0.092338168822
C                    -1.002343283761     0.323582836561    -0.188291147170
O                    -0.271739223521     1.067342131131     0.746438968588
H                     0.873995637648    -0.777525531454     0.290221901794
H                     1.078841416507     0.702330984432    -0.882065172061
H                    -1.699346459118    -0.472865378724     0.135236236911
H                    -1.418347650430     0.935403165669    -0.978127118580
B3LYP/def2-svp : -96427.44720381135
B3LYP/aug-cc-pvtz : -96540.19695193156
PBE/def2-svp : -96312.14385148633
WB97M-V/sto-3g : -95243.8800011994
HF/aug-cc-pvtz : -95959.46169355077
PBE/sto-3g : -95137.22960869278
HF/aug-cc-pvdz : -95934.8582944877
PBE0/def2-svp : -96318.1115526489
PBE0/aug-cc-pvtz : -96427.36090924144
PBE/aug-cc-pvdz : -96398.3950411944
B2PLYP/def2-svp : -96326.21471923568
WB97M-V/def2-tzvp : -96497.87049518658
PBE0/def2-tzvp : -96428.67622288303
WB97X-D/aug-cc-pvtz : -96506.63052265873
SVWN/sto-3g : -94736.30993602384
WB97X-D/def2-svp : -96397.09909518603
B2PLYP/def2-tzvp : -96458.99354909979
B2PLYP/aug-cc-pvtz : -96462.01234672793
B3LYP/def2-tzvp : -96541.19950509445
WB97M-V/def2-svp : -96383.33832005125
B3LYP/aug-cc-pvdz : -96513.45835722706
B3LYP/sto-3g : -95248.65551311392
HF/sto-3g : -94705.0468818242
PBE/aug-cc-pvtz : -96423.13632727809
WB97M-V/aug-cc-pvtz : -96496.72449140296
HF/cc-pvtz : -95957.80567918876
WB97M-V/aug-cc-pvdz : -96471.05441567364
PBE0/sto-3g : -95156.30792948688
HF/def2-tzvp : -95960.79303215418
B2PLYP/aug-cc-pvdz : -96417.68376898603
PBE/def2-tzvp : -96424.18363487588
WB97X-D/sto-3g : -95236.53287412004
HF/def2-svp : -95848.23930728891
PBE0/aug-cc-pvdz : -96403.61767575664
B2PLYP/sto-3g : -95099.68811897164
WB97X-D/aug-cc-pvdz : -96481.60752647996
WB97X-D/def2-tzvp : -96508.03039658589
B3LYP-D3/def2-svp : -96428.64018717232
B3LYP-D3M/def2-svp : -96429.5972897221
B3LYP-D3(BJ)/def2-svp : -96430.56351625964
B3LYP-D3M(BJ)/def2-svp : -96431.36307628093
B3LYP-D3/aug-cc-pvtz : -96541.38993529255
B3LYP-D3M/aug-cc-pvtz : -96542.34703784234
B3LYP-D3(BJ)/aug-cc-pvtz : -96543.31326437987
B3LYP-D3M(BJ)/aug-cc-pvtz : -96544.11282440116
B3LYP-D3/def2-tzvp : -96542.39248845544
B3LYP-D3M/def2-tzvp : -96543.34959100523
B3LYP-D3(BJ)/def2-tzvp : -96544.31581754277
B3LYP-D3M(BJ)/def2-tzvp : -96545.11537756406
B3LYP-D3/aug-cc-pvdz : -96514.65134058805
B3LYP-D3M/aug-cc-pvdz : -96515.60844313784
B3LYP-D3(BJ)/aug-cc-pvdz : -96516.57466967538
B3LYP-D3M(BJ)/aug-cc-pvdz : -96517.37422969667
B3LYP-D3/sto-3g : -95249.8484964749
B3LYP-D3M/sto-3g : -95250.80559902468
B3LYP-D3(BJ)/sto-3g : -95251.77182556222
B3LYP-D3M(BJ)/sto-3g : -95252.5713855835
B2PLYP-D3/def2-svp : -96326.892140813
B2PLYP-D3M/def2-svp : -96327.35912708829
B2PLYP-D3M(BJ)/def2-svp : -96328.4797899824
B2PLYP-D3/def2-tzvp : -96459.6709706771
B2PLYP-D3M/def2-tzvp : -96460.1379569524
B2PLYP-D3M(BJ)/def2-tzvp : -96461.25861984651
B2PLYP-D3/aug-cc-pvtz : -96462.68976830525
B2PLYP-D3M/aug-cc-pvtz : -96463.15675458056
B2PLYP-D3M(BJ)/aug-cc-pvtz : -96464.27741747466
B2PLYP-D3/aug-cc-pvdz : -96418.36119056336
B2PLYP-D3M/aug-cc-pvdz : -96418.82817683865
B2PLYP-D3M(BJ)/aug-cc-pvdz : -96419.94883973277
B2PLYP-D3/sto-3g : -95100.36554054897
B2PLYP-D3M/sto-3g : -95100.83252682426
B2PLYP-D3M(BJ)/sto-3g : -95101.95318971838
CCSD(T0)/cc-pVDZ : -96245.0447122414
HF/cc-pVDZ : -95957.80567935345
HF/cc-pVTZ : -95927.81928611013
MP2/cc-pVTZ : -96319.21097092476
