12
0 1 C4H8
C                    -0.017718181248    -0.453944906854    -0.793525553676
C                    -1.256901208065     0.295681782917    -0.154195756768
C                    -0.439405958786     1.584715493773     0.040722504157
C                     0.808780748390     0.774599477819    -0.409591892483
H                     0.366125673281    -1.328553749762    -0.318459623272
H                    -0.105431452376    -0.694355585353    -1.857118141471
H                    -1.546691295963    -0.279669039275     0.722429918076
H                    -2.160874258438     0.483401614495    -0.828092144633
H                    -0.877149449155     2.354433793374    -0.578189651548
H                    -0.293030991391     1.974600551758     1.040223688247
H                     1.560815168010     1.069912286634    -1.140886227351
H                     1.337361930892     0.600241672441     0.543719153881
B3LYP/def2-svp : -98571.2341014078
B3LYP/aug-cc-pvtz : -98679.88611030168
PBE/def2-svp : -98427.98162743465
WB97M-V/sto-3g : -97449.59683872241
HF/aug-cc-pvtz : -97974.76933165669
PBE/sto-3g : -97330.58668818594
HF/aug-cc-pvdz : -97951.02391987834
PBE0/def2-svp : -98449.58707513678
PBE0/aug-cc-pvtz : -98552.66296317609
PBE/aug-cc-pvdz : -98509.06065639039
B2PLYP/def2-svp : -98446.78015496965
WB97M-V/def2-tzvp : -98616.89450874904
PBE0/def2-tzvp : -98553.13942654227
WB97X-D/aug-cc-pvtz : -98646.82559071793
SVWN/sto-3g : -96915.50662999736
WB97X-D/def2-svp : -98542.94108904668
B2PLYP/def2-tzvp : -98573.30631729498
B2PLYP/aug-cc-pvtz : -98579.13272062359
B3LYP/def2-tzvp : -98680.01785035346
WB97M-V/def2-svp : -98507.63856839993
B3LYP/aug-cc-pvdz : -98651.87784099305
B3LYP/sto-3g : -97470.74761860962
HF/sto-3g : -96794.83616114702
PBE/aug-cc-pvtz : -98534.06141039678
WB97M-V/aug-cc-pvtz : -98616.82408593202
HF/cc-pvtz : -97974.24858504553
WB97M-V/aug-cc-pvdz : -98589.61255695132
PBE0/sto-3g : -97362.9897569173
HF/def2-tzvp : -97975.102033408
B2PLYP/aug-cc-pvdz : -98531.75371042833
PBE/def2-tzvp : -98534.31245794932
WB97X-D/sto-3g : -97460.60429417655
HF/def2-svp : -97870.77859469039
PBE0/aug-cc-pvdz : -98529.34209579296
B2PLYP/sto-3g : -97284.72640602262
WB97X-D/aug-cc-pvdz : -98621.74071668021
WB97X-D/def2-tzvp : -98647.22311983205
B3LYP-D3/def2-svp : -98574.66697356032
B3LYP-D3M/def2-svp : -98576.43279776972
B3LYP-D3(BJ)/def2-svp : -98579.50443781857
B3LYP-D3M(BJ)/def2-svp : -98581.4525723554
B3LYP-D3/aug-cc-pvtz : -98683.31898245422
B3LYP-D3M/aug-cc-pvtz : -98685.08480666362
B3LYP-D3(BJ)/aug-cc-pvtz : -98688.15644671247
B3LYP-D3M(BJ)/aug-cc-pvtz : -98690.1045812493
B3LYP-D3/def2-tzvp : -98683.45072250598
B3LYP-D3M/def2-tzvp : -98685.21654671538
B3LYP-D3(BJ)/def2-tzvp : -98688.28818676423
B3LYP-D3M(BJ)/def2-tzvp : -98690.23632130105
B3LYP-D3/aug-cc-pvdz : -98655.31071314558
B3LYP-D3M/aug-cc-pvdz : -98657.076537355
B3LYP-D3(BJ)/aug-cc-pvdz : -98660.14817740384
B3LYP-D3M(BJ)/aug-cc-pvdz : -98662.09631194067
B3LYP-D3/sto-3g : -97474.18049076214
B3LYP-D3M/sto-3g : -97475.94631497154
B3LYP-D3(BJ)/sto-3g : -97479.01795502039
B3LYP-D3M(BJ)/sto-3g : -97480.96608955722
B2PLYP-D3/def2-svp : -98448.65333349981
B2PLYP-D3M/def2-svp : -98449.59147898838
B2PLYP-D3M(BJ)/def2-svp : -98452.56862238559
B2PLYP-D3/def2-tzvp : -98575.17949582514
B2PLYP-D3M/def2-tzvp : -98576.11764131373
B2PLYP-D3M(BJ)/def2-tzvp : -98579.09478471093
B2PLYP-D3/aug-cc-pvtz : -98581.00589915375
B2PLYP-D3M/aug-cc-pvtz : -98581.94404464234
B2PLYP-D3M(BJ)/aug-cc-pvtz : -98584.92118803955
B2PLYP-D3/aug-cc-pvdz : -98533.62688895849
B2PLYP-D3M/aug-cc-pvdz : -98534.56503444708
B2PLYP-D3M(BJ)/aug-cc-pvdz : -98537.54217784427
B2PLYP-D3/sto-3g : -97286.59958455278
B2PLYP-D3M/sto-3g : -97287.53773004137
B2PLYP-D3M(BJ)/sto-3g : -97290.51487343856
CCSD(T0)/cc-pVDZ : -98349.18955956896
HF/cc-pVDZ : -97974.24858512633
HF/cc-pVTZ : -97947.41281396271
MP2/cc-pVTZ : -98408.69998233454
