11
0 1 C3H8
C                    -1.221318215856     0.104834312936    -0.347557665183
C                     0.205278883947     0.674495739265    -0.068703802234
C                     1.121828598039    -0.556590754517     0.419636517333
H                    -1.797582609584     0.953347871805    -0.726638543809
H                    -1.680078153775    -0.348948543980     0.486610899649
H                    -1.269494916582    -0.660825446173    -1.135070310509
H                     0.135731160481     1.502124266453     0.688898207239
H                     0.609043170063     1.092801725170    -0.959930555842
H                     0.700672379009    -1.118182598808     1.309128829132
H                     2.044383478619    -0.137855949860     0.745296332112
H                     1.342779996432    -1.258556442629    -0.451170822329
B3LYP/def2-svp : -74700.8208707989
B3LYP/aug-cc-pvtz : -74786.153134244
PBE/def2-svp : -74583.35075587656
WB97M-V/sto-3g : -73841.31896198755
HF/aug-cc-pvtz : -74229.77421970539
PBE/sto-3g : -73755.67536913897
HF/aug-cc-pvdz : -74209.89773356488
PBE0/def2-svp : -74602.54872146055
PBE0/aug-cc-pvtz : -74682.34218608995
PBE/aug-cc-pvdz : -74644.43248948135
B2PLYP/def2-svp : -74600.84732186845
WB97M-V/def2-tzvp : -74725.00940667541
PBE0/def2-tzvp : -74682.37403919912
WB97X-D/aug-cc-pvtz : -74758.34803561913
SVWN/sto-3g : -73448.07399971147
WB97X-D/def2-svp : -74677.65371655041
B2PLYP/def2-tzvp : -74698.14964402575
B2PLYP/aug-cc-pvtz : -74704.08951288558
B3LYP/def2-tzvp : -74785.77230330772
WB97M-V/def2-svp : -74639.69221691533
B3LYP/aug-cc-pvdz : -74761.63865886556
B3LYP/sto-3g : -73870.85146555852
HF/sto-3g : -73336.40462916797
PBE/aug-cc-pvtz : -74666.3022506574
WB97M-V/aug-cc-pvtz : -74725.56630191828
HF/cc-pvtz : -74229.36623504238
WB97M-V/aug-cc-pvdz : -74701.39557044285
PBE0/sto-3g : -73782.23335426868
HF/def2-tzvp : -74229.59679922194
B2PLYP/aug-cc-pvdz : -74664.90007770075
PBE/def2-tzvp : -74666.15439697415
WB97X-D/sto-3g : -73861.44146272386
HF/def2-svp : -74150.5389760087
PBE0/aug-cc-pvdz : -74662.18958113446
B2PLYP/sto-3g : -73720.75171740072
WB97X-D/aug-cc-pvdz : -74736.59585637267
WB97X-D/def2-tzvp : -74758.21647098326
B3LYP-D3/def2-svp : -74703.5698956771
B3LYP-D3M/def2-svp : -74704.81788024346
B3LYP-D3(BJ)/def2-svp : -74706.9803908418
B3LYP-D3M(BJ)/def2-svp : -74708.30254075285
B3LYP-D3/aug-cc-pvtz : -74788.90215912221
B3LYP-D3M/aug-cc-pvtz : -74790.15014368856
B3LYP-D3(BJ)/aug-cc-pvtz : -74792.3126542869
B3LYP-D3M(BJ)/aug-cc-pvtz : -74793.63480419795
B3LYP-D3/def2-tzvp : -74788.52132818592
B3LYP-D3M/def2-tzvp : -74789.76931275227
B3LYP-D3(BJ)/def2-tzvp : -74791.9318233506
B3LYP-D3M(BJ)/def2-tzvp : -74793.25397326167
B3LYP-D3/aug-cc-pvdz : -74764.38768374376
B3LYP-D3M/aug-cc-pvdz : -74765.6356683101
B3LYP-D3(BJ)/aug-cc-pvdz : -74767.79817890844
B3LYP-D3M(BJ)/aug-cc-pvdz : -74769.12032881951
B3LYP-D3/sto-3g : -73873.60049043673
B3LYP-D3M/sto-3g : -73874.84847500308
B3LYP-D3(BJ)/sto-3g : -73877.01098560142
B3LYP-D3M(BJ)/sto-3g : -73878.33313551247
B2PLYP-D3/def2-svp : -74602.34346133131
B2PLYP-D3M/def2-svp : -74603.0036326732
B2PLYP-D3M(BJ)/def2-svp : -74605.26126115756
B2PLYP-D3/def2-tzvp : -74699.64578348861
B2PLYP-D3M/def2-tzvp : -74700.30595483049
B2PLYP-D3M(BJ)/def2-tzvp : -74702.56358331487
B2PLYP-D3/aug-cc-pvtz : -74705.58565234844
B2PLYP-D3M/aug-cc-pvtz : -74706.24582369032
B2PLYP-D3M(BJ)/aug-cc-pvtz : -74708.50345217469
B2PLYP-D3/aug-cc-pvdz : -74666.39621716361
B2PLYP-D3M/aug-cc-pvdz : -74667.05638850549
B2PLYP-D3M(BJ)/aug-cc-pvdz : -74669.31401698987
B2PLYP-D3/sto-3g : -73722.24785686359
B2PLYP-D3M/sto-3g : -73722.90802820546
B2PLYP-D3M(BJ)/sto-3g : -73725.16565668985
CCSD(T0)/cc-pVDZ : -74527.74508555235
HF/cc-pVDZ : -74229.36623491788
HF/cc-pVTZ : -74207.38041233296
MP2/cc-pVTZ : -74571.38487627401
