9
0 1 C2H6O
C                     1.251096615615    -0.375116071292    -0.039524346409
O                    -0.130280984468    -0.045572418585     0.072488064887
C                    -1.043964484283    -0.985009967806    -0.271401306830
H                     1.901251139834     0.397473157555     0.399062329636
H                     1.668294038765    -0.550169003854    -1.105284777440
H                     1.491990559911    -1.284590040481     0.621701083651
H                    -2.068163189019    -0.413172030318    -0.262765182378
H                    -1.062846268008    -1.854308205191     0.486642189898
H                    -0.733510502568    -1.395162989220    -1.236279447337
B3LYP/def2-svp : -97197.82698029866
B3LYP/aug-cc-pvtz : -97311.02692636254
PBE/def2-svp : -97072.13424456287
WB97M-V/sto-3g : -95997.81514071606
HF/aug-cc-pvtz : -96703.81024309626
PBE/sto-3g : -95891.54128711019
HF/aug-cc-pvdz : -96678.35591471365
PBE0/def2-svp : -97082.12626114444
PBE0/aug-cc-pvtz : -97190.98612322689
PBE/aug-cc-pvdz : -97157.09820556547
B2PLYP/def2-svp : -97089.38335775035
WB97M-V/def2-tzvp : -97256.12206420551
PBE0/def2-tzvp : -97192.00685963071
WB97X-D/aug-cc-pvtz : -97275.67837612552
SVWN/sto-3g : -95499.65912122907
WB97X-D/def2-svp : -97166.48946889969
B2PLYP/def2-tzvp : -97221.81670804082
B2PLYP/aug-cc-pvtz : -97226.36607489648
B3LYP/def2-tzvp : -97311.63140440856
WB97M-V/def2-svp : -97141.74014065659
B3LYP/aug-cc-pvdz : -97282.54219719711
B3LYP/sto-3g : -96014.28951796635
HF/sto-3g : -95446.84352431622
PBE/aug-cc-pvtz : -97183.36362617053
WB97M-V/aug-cc-pvtz : -97255.4788392402
HF/cc-pvtz : -96702.22572603155
WB97M-V/aug-cc-pvdz : -97227.91842809049
PBE0/sto-3g : -95914.93088889432
HF/def2-tzvp : -96704.79873980035
B2PLYP/aug-cc-pvdz : -97179.95399455655
PBE/def2-tzvp : -97184.10744859884
WB97X-D/sto-3g : -96001.04109954843
HF/def2-svp : -96594.07732715669
PBE0/aug-cc-pvdz : -97166.0443541937
B2PLYP/sto-3g : -95854.48741100662
WB97X-D/aug-cc-pvdz : -97249.42683694532
WB97X-D/def2-tzvp : -97276.7237945692
B3LYP-D3/def2-svp : -97199.85586275457
B3LYP-D3M/def2-svp : -97201.04772914866
B3LYP-D3(BJ)/def2-svp : -97202.00473129695
B3LYP-D3M(BJ)/def2-svp : -97202.91035924459
B3LYP-D3/aug-cc-pvtz : -97313.05580881843
B3LYP-D3M/aug-cc-pvtz : -97314.24767521254
B3LYP-D3(BJ)/aug-cc-pvtz : -97315.20467736083
B3LYP-D3M(BJ)/aug-cc-pvtz : -97316.11030530847
B3LYP-D3/def2-tzvp : -97313.66028686447
B3LYP-D3M/def2-tzvp : -97314.85215325857
B3LYP-D3(BJ)/def2-tzvp : -97315.80915540685
B3LYP-D3M(BJ)/def2-tzvp : -97316.7147833545
B3LYP-D3/aug-cc-pvdz : -97284.571079653
B3LYP-D3M/aug-cc-pvdz : -97285.7629460471
B3LYP-D3(BJ)/aug-cc-pvdz : -97286.7199481954
B3LYP-D3M(BJ)/aug-cc-pvdz : -97287.62557614304
B3LYP-D3/sto-3g : -96016.31840042226
B3LYP-D3M/sto-3g : -96017.51026681636
B3LYP-D3(BJ)/sto-3g : -96018.46726896464
B3LYP-D3M(BJ)/sto-3g : -96019.37289691229
B2PLYP-D3/def2-svp : -97090.52125832973
B2PLYP-D3M/def2-svp : -97091.09937653283
B2PLYP-D3M(BJ)/def2-svp : -97092.42370390176
B2PLYP-D3/def2-tzvp : -97222.95460862019
B2PLYP-D3M/def2-tzvp : -97223.5327268233
B2PLYP-D3M(BJ)/def2-tzvp : -97224.85705419222
B2PLYP-D3/aug-cc-pvtz : -97227.50397547585
B2PLYP-D3M/aug-cc-pvtz : -97228.08209367894
B2PLYP-D3M(BJ)/aug-cc-pvtz : -97229.40642104788
B2PLYP-D3/aug-cc-pvdz : -97181.0918951359
B2PLYP-D3M/aug-cc-pvdz : -97181.67001333901
B2PLYP-D3M(BJ)/aug-cc-pvdz : -97182.99434070796
B2PLYP-D3/sto-3g : -95855.62531158599
B2PLYP-D3M/sto-3g : -95856.2034297891
B2PLYP-D3M(BJ)/sto-3g : -95857.52775715802
CCSD(T0)/cc-pVDZ : -97006.886381944
HF/cc-pVDZ : -96702.2257261718
HF/cc-pVTZ : -96671.85872848597
MP2/cc-pVTZ : -97078.24974481195
