6
0 1 C2H3N
C                     0.837028931701     0.092687653327     1.021884057158
C                    -0.255807057694    -0.282860586409     0.126410190758
N                    -1.090572582046    -0.588814016492    -0.661938067717
H                     0.440010469665     0.929898346817     1.635980806082
H                     1.649856742730     0.480719130546     0.351894515846
H                     1.133413033320    -0.827525485801     1.601011410723
B3LYP/def2-svp : -83238.74502853016
B3LYP/aug-cc-pvtz : -83333.94522001926
PBE/def2-svp : -83132.75957621422
WB97M-V/sto-3g : -82239.79221043507
HF/aug-cc-pvtz : -82807.47537045488
PBE/sto-3g : -82144.79117617037
HF/aug-cc-pvdz : -82789.11959337143
PBE0/def2-svp : -83136.47229862948
PBE0/aug-cc-pvtz : -83227.7933454021
PBE/aug-cc-pvdz : -83205.52789249088
B2PLYP/def2-svp : -83151.77195059221
WB97M-V/def2-tzvp : -83297.73977541993
PBE0/def2-tzvp : -83229.1258018684
WB97X-D/aug-cc-pvtz : -83299.77466691977
SVWN/sto-3g : -81770.03035653004
WB97X-D/def2-svp : -83207.34619173256
B2PLYP/def2-tzvp : -83263.07144674518
B2PLYP/aug-cc-pvtz : -83264.96161065208
B3LYP/def2-tzvp : -83334.99028118188
WB97M-V/def2-svp : -83200.86249837728
B3LYP/aug-cc-pvdz : -83311.79177619713
B3LYP/sto-3g : -82244.46434515086
HF/sto-3g : -81740.37620902521
PBE/aug-cc-pvtz : -83225.77160977377
WB97M-V/aug-cc-pvtz : -83296.45992183546
HF/cc-pvtz : -82806.52608824227
WB97M-V/aug-cc-pvdz : -83275.76388010422
PBE0/sto-3g : -82157.47367690894
HF/def2-tzvp : -82808.87415762727
B2PLYP/aug-cc-pvdz : -83228.79915973013
PBE/def2-tzvp : -83226.9061724667
WB97X-D/sto-3g : -82229.42266658065
HF/def2-svp : -82714.4017398596
PBE0/aug-cc-pvdz : -83208.98293386838
B2PLYP/sto-3g : -82122.16816003191
WB97X-D/aug-cc-pvdz : -83279.59566506452
WB97X-D/def2-tzvp : -83301.06717093886
B3LYP-D3/def2-svp : -83239.43671967291
B3LYP-D3M/def2-svp : -83239.94324532014
B3LYP-D3(BJ)/def2-svp : -83241.73613401316
B3LYP-D3M(BJ)/def2-svp : -83242.5231250197
B3LYP-D3/aug-cc-pvtz : -83334.63691116202
B3LYP-D3M/aug-cc-pvtz : -83335.14343680925
B3LYP-D3(BJ)/aug-cc-pvtz : -83336.93632550226
B3LYP-D3M(BJ)/aug-cc-pvtz : -83337.7233165088
B3LYP-D3/def2-tzvp : -83335.68197232463
B3LYP-D3M/def2-tzvp : -83336.18849797186
B3LYP-D3(BJ)/def2-tzvp : -83337.98138666488
B3LYP-D3M(BJ)/def2-tzvp : -83338.76837767141
B3LYP-D3/aug-cc-pvdz : -83312.48346733989
B3LYP-D3M/aug-cc-pvdz : -83312.98999298712
B3LYP-D3(BJ)/aug-cc-pvdz : -83314.78288168013
B3LYP-D3M(BJ)/aug-cc-pvdz : -83315.56987268667
B3LYP-D3/sto-3g : -82245.15603629361
B3LYP-D3M/sto-3g : -82245.66256194084
B3LYP-D3(BJ)/sto-3g : -82247.45545063386
B3LYP-D3M(BJ)/sto-3g : -82248.2424416404
B2PLYP-D3/def2-svp : -83152.1411646164
B2PLYP-D3M/def2-svp : -83152.43383503497
B2PLYP-D3M(BJ)/def2-svp : -83153.8613186863
B2PLYP-D3/def2-tzvp : -83263.44066076937
B2PLYP-D3M/def2-tzvp : -83263.73333118793
B2PLYP-D3M(BJ)/def2-tzvp : -83265.16081483926
B2PLYP-D3/aug-cc-pvtz : -83265.33082467628
B2PLYP-D3M/aug-cc-pvtz : -83265.62349509484
B2PLYP-D3M(BJ)/aug-cc-pvtz : -83267.05097874615
B2PLYP-D3/aug-cc-pvdz : -83229.1683737543
B2PLYP-D3M/aug-cc-pvdz : -83229.46104417287
B2PLYP-D3M(BJ)/aug-cc-pvdz : -83230.8885278242
B2PLYP-D3/sto-3g : -82122.53737405609
B2PLYP-D3M/sto-3g : -82122.83004447466
B2PLYP-D3M(BJ)/sto-3g : -82124.25752812598
CCSD(T0)/cc-pVDZ : -83079.5445505083
HF/cc-pVDZ : -82806.52608809766
HF/cc-pVTZ : -82785.5728900419
MP2/cc-pVTZ : -83134.63326941723
