6
0 1 C2H4
C                     0.498322099332     0.336436614510    -0.343790362660
C                    -0.554201540578     0.060281042033    -1.053252248136
H                     0.588972367480     1.318760584630     0.192631294607
H                     1.329827389348    -0.333355607203    -0.261704309073
H                    -1.230087423085     0.889921331639    -1.228090747509
H                    -0.566972719256    -0.877378577596    -1.716679584569
B3LYP/def2-svp : -49274.07261728826
B3LYP/aug-cc-pvtz : -49331.96856438244
PBE/def2-svp : -49198.62607104482
WB97M-V/sto-3g : -48686.410087136304
HF/aug-cc-pvtz : -48980.28342052165
PBE/sto-3g : -48631.633422869105
HF/aug-cc-pvdz : -48967.02542088432
PBE0/def2-svp : -49207.58703153849
PBE0/aug-cc-pvtz : -49261.830121734514
PBE/aug-cc-pvdz : -49240.18544685663
B2PLYP/def2-svp : -49210.76133907544
WB97M-V/def2-tzvp : -49295.79030039479
PBE0/def2-tzvp : -49261.990808940565
WB97X-D/aug-cc-pvtz : -49310.06276464953
SVWN/sto-3g : -48416.42248606055
WB97X-D/def2-svp : -49254.999339941336
B2PLYP/def2-tzvp : -49276.7407625868
B2PLYP/aug-cc-pvtz : -49279.61531753662
B3LYP/def2-tzvp : -49331.84177897309
WB97M-V/def2-svp : -49237.87864772579
B3LYP/aug-cc-pvdz : -49315.72077765798
B3LYP/sto-3g : -48702.860212774285
HF/sto-3g : -48357.61935052428
PBE/aug-cc-pvtz : -49254.76500932084
WB97M-V/aug-cc-pvtz : -49295.805642846004
HF/cc-pvtz : -48979.77741224725
WB97M-V/aug-cc-pvdz : -49280.12169548706
PBE0/sto-3g : -48643.509618871445
HF/def2-tzvp : -48980.512540891126
B2PLYP/aug-cc-pvdz : -49254.307818066256
PBE/def2-tzvp : -49254.71459461472
WB97X-D/sto-3g : -48692.89074337007
HF/def2-svp : -48926.00926340457
PBE0/aug-cc-pvdz : -49248.36129807472
B2PLYP/sto-3g : -48610.265616669705
WB97X-D/aug-cc-pvdz : -49295.50783687505
WB97X-D/def2-tzvp : -49310.13434498869
B3LYP-D3/def2-svp : -49274.59384548246
B3LYP-D3M/def2-svp : -49275.01701904629
B3LYP-D3(BJ)/def2-svp : -49276.55651941379
B3LYP-D3M(BJ)/def2-svp : -49277.2087841363
B3LYP-D3/aug-cc-pvtz : -49332.48979257664
B3LYP-D3M/aug-cc-pvtz : -49332.91296614047
B3LYP-D3(BJ)/aug-cc-pvtz : -49334.45246650797
B3LYP-D3M(BJ)/aug-cc-pvtz : -49335.10473123049
B3LYP-D3/def2-tzvp : -49332.36300716729
B3LYP-D3M/def2-tzvp : -49332.78618073112
B3LYP-D3(BJ)/def2-tzvp : -49334.32568109862
B3LYP-D3M(BJ)/def2-tzvp : -49334.977945821134
B3LYP-D3/aug-cc-pvdz : -49316.24200585218
B3LYP-D3M/aug-cc-pvdz : -49316.66517941601
B3LYP-D3(BJ)/aug-cc-pvdz : -49318.20467978351
B3LYP-D3M(BJ)/aug-cc-pvdz : -49318.85694450602
B3LYP-D3/sto-3g : -48703.381440968486
B3LYP-D3M/sto-3g : -48703.80461453232
B3LYP-D3(BJ)/sto-3g : -48705.34411489982
B3LYP-D3M(BJ)/sto-3g : -48705.99637962233
B2PLYP-D3/def2-svp : -49211.04760889738
B2PLYP-D3M/def2-svp : -49211.27670633116
B2PLYP-D3M(BJ)/def2-svp : -49212.574270421035
B2PLYP-D3/def2-tzvp : -49277.02703240874
B2PLYP-D3M/def2-tzvp : -49277.25612984252
B2PLYP-D3M(BJ)/def2-tzvp : -49278.553693932394
B2PLYP-D3/aug-cc-pvtz : -49279.90158735856
B2PLYP-D3M/aug-cc-pvtz : -49280.13068479234
B2PLYP-D3M(BJ)/aug-cc-pvtz : -49281.428248882214
B2PLYP-D3/aug-cc-pvdz : -49254.594087888196
B2PLYP-D3M/aug-cc-pvdz : -49254.82318532198
B2PLYP-D3M(BJ)/aug-cc-pvdz : -49256.12074941185
B2PLYP-D3/sto-3g : -48610.551886491645
B2PLYP-D3M/sto-3g : -48610.78098392543
B2PLYP-D3M(BJ)/sto-3g : -48612.0785480153
CCSD(T0)/cc-pVDZ : -49162.38720968718
HF/cc-pVDZ : -48979.777412330666
HF/cc-pVTZ : -48965.01894920446
MP2/cc-pVTZ : -49190.45177053174
