8
0 1 C2H5N
C                    -0.489324763807     0.459589338529     0.755896709453
C                    -0.441107411688     0.833066897257    -0.689951248721
N                     0.531945035028     1.346067811484     0.249186585112
H                    -1.248022688700     0.940295308438     1.392922966211
H                    -0.195033552765    -0.576564685920     0.964319631004
H                    -1.189601656936     1.451116382981    -1.151750304279
H                    -0.189224356473    -0.001811754600    -1.292131927005
H                     1.443512577432     0.912981874335     0.129463151673
B3LYP/def2-svp : -83971.50106487265
B3LYP/aug-cc-pvtz : -84069.45009344381
PBE/def2-svp : -83861.34770632655
WB97M-V/sto-3g : -82963.27414128155
HF/aug-cc-pvtz : -83513.52296408618
PBE/sto-3g : -82865.7025142729
HF/aug-cc-pvdz : -83492.961722278
PBE0/def2-svp : -83872.69979731509
PBE0/aug-cc-pvtz : -83966.45586998369
PBE/aug-cc-pvdz : -83935.98334190274
B2PLYP/def2-svp : -83874.85695563754
WB97M-V/def2-tzvp : -84024.90777269013
PBE0/def2-tzvp : -83966.57817579337
WB97X-D/aug-cc-pvtz : -84039.88380938563
SVWN/sto-3g : -82510.93368364591
WB97X-D/def2-svp : -83945.74261490162
B2PLYP/def2-tzvp : -83988.2320080975
B2PLYP/aug-cc-pvtz : -83992.7580916519
B3LYP/def2-tzvp : -84069.22058166514
WB97M-V/def2-svp : -83926.8231675529
B3LYP/aug-cc-pvdz : -84045.83579142921
B3LYP/sto-3g : -82972.89947283185
HF/sto-3g : -82449.36658732727
PBE/aug-cc-pvtz : -83957.52899860175
WB97M-V/aug-cc-pvtz : -84024.99970033656
HF/cc-pvtz : -83512.2528349684
WB97M-V/aug-cc-pvdz : -84002.43169048245
PBE0/sto-3g : -82887.9632243422
HF/def2-tzvp : -83513.67462673192
B2PLYP/aug-cc-pvdz : -83953.13586320344
PBE/def2-tzvp : -83957.36186396702
WB97X-D/sto-3g : -82962.65422057887
HF/def2-svp : -83419.5187670105
PBE0/aug-cc-pvdz : -83946.14051407496
B2PLYP/sto-3g : -82829.11253701276
WB97X-D/aug-cc-pvdz : -84018.3578759139
WB97X-D/def2-tzvp : -84040.04699512523
B3LYP-D3/def2-svp : -83972.67835422169
B3LYP-D3M/def2-svp : -83973.6440222758
B3LYP-D3(BJ)/def2-svp : -83975.61702501305
B3LYP-D3M(BJ)/def2-svp : -83976.64263904718
B3LYP-D3/aug-cc-pvtz : -84070.62738279284
B3LYP-D3M/aug-cc-pvtz : -84071.59305084695
B3LYP-D3(BJ)/aug-cc-pvtz : -84073.5660535842
B3LYP-D3M(BJ)/aug-cc-pvtz : -84074.59166761833
B3LYP-D3/def2-tzvp : -84070.39787101418
B3LYP-D3M/def2-tzvp : -84071.36353906829
B3LYP-D3(BJ)/def2-tzvp : -84073.33654180555
B3LYP-D3M(BJ)/def2-tzvp : -84074.36215583967
B3LYP-D3/aug-cc-pvdz : -84047.01308077826
B3LYP-D3M/aug-cc-pvdz : -84047.97874883236
B3LYP-D3(BJ)/aug-cc-pvdz : -84049.95175156962
B3LYP-D3M(BJ)/aug-cc-pvdz : -84050.97736560374
B3LYP-D3/sto-3g : -82974.07676218089
B3LYP-D3M/sto-3g : -82975.042430235
B3LYP-D3(BJ)/sto-3g : -82977.01543297226
B3LYP-D3M(BJ)/sto-3g : -82978.04104700638
B2PLYP-D3/def2-svp : -83875.50792141547
B2PLYP-D3M/def2-svp : -83876.01971186716
B2PLYP-D3M(BJ)/def2-svp : -83877.85578576216
B2PLYP-D3/def2-tzvp : -83988.88297387543
B2PLYP-D3M/def2-tzvp : -83989.39476432712
B2PLYP-D3M(BJ)/def2-tzvp : -83991.23083822212
B2PLYP-D3/aug-cc-pvtz : -83993.40905742982
B2PLYP-D3M/aug-cc-pvtz : -83993.92084788151
B2PLYP-D3M(BJ)/aug-cc-pvtz : -83995.75692177651
B2PLYP-D3/aug-cc-pvdz : -83953.78682898135
B2PLYP-D3M/aug-cc-pvdz : -83954.29861943304
B2PLYP-D3M(BJ)/aug-cc-pvdz : -83956.13469332804
B2PLYP-D3/sto-3g : -82829.76350279068
B2PLYP-D3M/sto-3g : -82830.27529324238
B2PLYP-D3M(BJ)/sto-3g : -82832.11136713738
CCSD(T0)/cc-pVDZ : -83798.0591391041
HF/cc-pVDZ : -83512.25283520222
HF/cc-pVTZ : -83487.40756844619
MP2/cc-pVTZ : -83858.18892739435
